0 0.84921875 0.875 0.09921875 0.0484375
0 0.95625 0.853125 0.0875 0.06953125
0 0.87265625 0.784375 0.10625 0.0546875
0 0.60234375 0.76953125 0.08046875 0.05390625
0 0.6453125 0.72578125 0.0609375 0.0640625
0 0.57109375 0.69375 0.10390625 0.0671875
0 0.97734375 0.665625 0.04453125 0.05390625
0 0.803125 0.6484375 0.1078125 0.09296875
0 0.6796875 0.56953125 0.0734375 0.0546875
0 0.77578125 0.56328125 0.05703125 0.04453125
0 0.86953125 0.5609375 0.06640625 0.06171875
0 0.565625 0.55546875 0.0859375 0.059375
0 0.78046875 0.4875 0.08828125 0.0515625
0 0.88515625 0.47421875 0.059375 0.03515625
0 0.87890625 0.371875 0.08046875 0.065625
0 0.96796875 0.2921875 0.0640625 0.07109375