0 0.128125 0.97734375 0.096875 0.04453125
0 0.3421875 0.91796875 0.0390625 0.05078125
0 0.2515625 0.86328125 0.08828125 0.05234375
0 0.33671875 0.84140625 0.06640625 0.084375
0 0.06328125 0.84609375 0.1015625 0.09375
0 0.02890625 0.759375 0.0578125 0.0453125
0 0.12265625 0.76015625 0.06640625 0.05703125
0 0.03828125 0.6828125 0.0765625 0.0546875
0 0.13984375 0.6734375 0.06171875 0.0359375
0 0.4546875 0.62109375 0.08203125 0.04921875
0 0.134375 0.571875 0.090625 0.06875
0 0.4875 0.496875 0.0765625 0.0515625
0 0.234375 0.49296875 0.08203125 0.07421875