0 0.6 0.85546875 0.0515625 0.05078125
0 0.66953125 0.79453125 0.0859375 0.046875
0 0.028125 0.71484375 0.05625 0.0734375
0 0.23515625 0.63828125 0.1671875 0.17109375
0 0.37265625 0.52890625 0.11171875 0.0546875
0 0.49375 0.51015625 0.06640625 0.0484375
0 0.8828125 0.41640625 0.075 0.05546875
0 0.4484375 0.39453125 0.071875 0.09375
0 0.66640625 0.3296875 0.09765625 0.03515625
0 0.90546875 0.25625 0.0421875 0.06875
0 0.28671875 0.20390625 0.06953125 0.0578125
0 0.525 0.18984375 0.10703125 0.0609375
0 0.77734375 0.109375 0.08984375 0.06328125
0 0.32890625 0.075 0.16328125 0.078125
0 0.64140625 0.03203125 0.090625 0.0640625
0 0.52734375 0.0484375 0.1015625 0.096875