0 0.2640625 0.7484375 0.09453125 0.05234375
0 0.38515625 0.72421875 0.096875 0.0828125
0 0.27890625 0.65625 0.1046875 0.05390625
0 0.02421875 0.6671875 0.04765625 0.10078125
0 0.0609375 0.5953125 0.05546875 0.0609375
0 0.4078125 0.53671875 0.08125 0.0546875
0 0.21640625 0.5234375 0.1046875 0.09453125
0 0.49453125 0.5125 0.071875 0.08828125
0 0.1828125 0.43359375 0.05234375 0.04453125
0 0.0875 0.43984375 0.078125 0.05703125
0 0.27734375 0.43359375 0.06875 0.059375
0 0.18984375 0.359375 0.09453125 0.0546875
0 0.28671875 0.34140625 0.06875 0.03046875
0 0.6078125 0.29296875 0.1 0.0515625
0 0.2921875 0.24375 0.0828125 0.06484375
0 0.6359375 0.1671875 0.08125 0.05078125