0 0.8390625 0.74609375 0.0453125 0.04765625
0 0.90625 0.69296875 0.08828125 0.05703125
0 0.20859375 0.6625 0.04296875 0.03828125
0 0.2625 0.625 0.0828125 0.034375
0 0.196875 0.57421875 0.08515625 0.059375
0 0.23515625 0.50234375 0.071875 0.0546875
0 0.47265625 0.5328125 0.16640625 0.17265625
0 0.6109375 0.41875 0.11171875 0.0546875
0 0.73046875 0.39921875 0.0640625 0.0453125
0 0.6875 0.31328125 0.06484375 0.0453125
0 0.90234375 0.21953125 0.10078125 0.03984375
0 0.07265625 0.246875 0.14296875 0.1390625
0 0.52578125 0.0984375 0.075 0.046875
0 0.76484375 0.08125 0.109375 0.0578125