0 0.096875 0.93203125 0.1125 0.05859375
0 0.2125 0.9078125 0.0640625 0.0421875
0 0.17578125 0.82421875 0.06640625 0.04375
0 0.6109375 0.81953125 0.05859375 0.05546875
0 0.38828125 0.72734375 0.1 0.04296875
0 0.62421875 0.659375 0.046875 0.059375
0 0.21484375 0.58515625 0.05390625 0.04453125
0 0.5015625 0.515625 0.08671875 0.0671875
0 0.08515625 0.48984375 0.0875 0.05234375
0 0.24765625 0.44140625 0.0859375 0.09453125
0 0.36875 0.42734375 0.0921875 0.08046875
0 0.08671875 0.38125 0.09609375 0.053125
0 0.27578125 0.28203125 0.11953125 0.0734375
0 0.08828125 0.24296875 0.0828125 0.06171875