0 0.6671875 0.9078125 0.065625 0.04921875
0 0.596875 0.8984375 0.059375 0.0484375
0 0.63359375 0.828125 0.0578125 0.0515625
0 0.02734375 0.79140625 0.0546875 0.0421875
0 0.83984375 0.72890625 0.09921875 0.0375
0 0.04296875 0.71640625 0.0859375 0.0703125
0 0.1203125 0.690625 0.04140625 0.0234375
0 0.2828125 0.584375 0.0515625 0.07421875
0 0.9515625 0.5171875 0.096875 0.06796875
0 0.5140625 0.4875 0.153125 0.0578125
0 0.7078125 0.44609375 0.0953125 0.10390625
0 0.54609375 0.3828125 0.07734375 0.06015625
0 0.8546875 0.4015625 0.146875 0.1171875
0 0.7296875 0.278125 0.1203125 0.0578125
0 0.546875 0.23125 0.06640625 0.07734375